1 168
2 168
3 168
4 168
5 168
6 168
7 168
8 168
9 168
10 168
11 168
12 168
13 168
14 168
15 168
16 168
17 296
18 296
19 296
20 296
21 296
22 296
23 296
24 296
25 296
26 296
27 296
28 296
29 296
30 296
31 296
32 296
33 552
34 552
35 552
36 552
37 552
38 552
39 552
40 552
41 552
42 552
43 552
44 552
45 552
46 552
47 552
48 552
49 552
50 552
51 552
52 552
53 552
54 552
55 552
56 552
57 552
58 552
59 552
60 552
61 552
62 552
63 552
64 552
65 1064
66 1064
67 1064
68 1064
69 1064
70 1064
71 1064
72 1064
73 1064
74 1064
75 1064
76 1064
77 1064
78 1064
79 1064
80 1064
81 1064
82 1064
83 1064
84 1064
85 1064
86 1064
87 1064
88 1064
89 1064
90 1064
91 1064
92 1064
93 1064
94 1064
95 1064
96 1064
97 1064
98 1064
99 1064
100 1064
