1 24
2 40
3 56
4 72
5 88
6 104
7 120
8 136
9 152
10 168
11 184
12 200
13 216
14 232
15 248
16 264
17 280
18 296
19 312
20 328
21 344
22 360
23 376
24 392
25 408
26 424
27 440
28 456
29 472
30 488
31 504
32 520
33 536
34 552
35 568
36 584
37 600
38 616
39 632
40 648
41 664
42 680
43 696
44 712
45 728
46 744
47 760
48 776
49 792
50 808
51 824
52 840
53 856
54 872
55 888
56 904
57 920
58 936
59 952
60 968
61 984
62 1000
63 1016
64 1032
65 1048
66 1064
67 1080
68 1096
69 1112
70 1128
71 1144
72 1160
73 1176
74 1192
75 1208
76 1224
77 1240
78 1256
79 1272
80 1288
81 1304
82 1320
83 1336
84 1352
85 1368
86 1384
87 1400
88 1416
89 1432
90 1448
91 1464
92 1480
93 1496
94 1512
95 1528
96 1544
97 1560
98 1576
99 1592
100 1608
